3.0569999999997743 0.7644237332655957 -0.863936305011244
3.0579999999997742 0.7644237332655957 -0.863936305011244
3.058999999999774 0.7591867671379462 -0.8665186700357829
3.2759999999997502 0.7698945451361218 -0.8651456553612309
3.27699999999975 0.76693028712536 -0.866491010544382
3.27799999999975 0.76693028712536 -0.866491010544382
3.27899999999975 0.762127051337094 -0.8688544844521602
3.27999999999975 0.7574963108215874 -0.8711111947370079
3.495999999999726 0.7749221598194561 -0.8586869625182295
3.496999999999726 0.7724594640141806 -0.8597981138386341
3.4979999999997258 0.7724594640141806 -0.8597981138386341
3.4989999999997257 0.7669181316386121 -0.8625738238113928
3.4999999999997256 0.7622900938985224 -0.8648707121368696
3.7159999999997018 0.7768445819759882 -0.8575808538709999
3.7169999999997017 0.7734904507943409 -0.8591336520572015
3.7179999999997015 0.7706077499086279 -0.8604682729905939
3.7189999999997014 0.7706077499086279 -0.8604682729905939
3.7199999999997013 0.7658130066183941 -0.8628704700580698
3.9369999999996774 0.7765097925431432 -0.8582488225170578
3.9379999999996773 0.7731584492226662 -0.8598337212430303
3.938999999999677 0.7731584492226662 -0.8598337212430303
3.939999999999677 0.7680785124383792 -0.8623975429975452
4.156999999999723 0.7664048076545894 -0.8631568295601649
4.157999999999723 0.7644841771102785 -0.8639515948848014
4.158999999999724 0.7617619332862127 -0.865172435191349
4.159999999999724 0.7617619332862127 -0.865172435191349
4.160999999999724 0.7573534080755535 -0.8673158606779817
4.376999999999796 0.7787526924020068 -0.8578365952974758
4.377999999999797 0.7753584746000581 -0.8594240768785326
4.378999999999797 0.7722697083038598 -0.8608742671491315
4.379999999999797 0.7722697083038598 -0.8608742671491315
4.380999999999798 0.7675165145524938 -0.8632621913062847
4.59799999999987 0.770673553783791 -0.8600435822010698
4.5989999999998705 0.7678670412191955 -0.8613162563912351
4.599999999999871 0.7678670412191955 -0.8613162563912351
4.600999999999871 0.7631154599282711 -0.8636634318955861
4.6019999999998715 0.7585176451687894 -0.8659143565086156
4.819999999999944 0.7822029471632603 -0.8527196336635676
4.820999999999945 0.7765251975499364 -0.8556470335358886
4.821999999999945 0.7716133078194989 -0.8581579209162068
5.041000000000018 0.7677193392826797 -0.8628198167059538
5.0420000000000185 0.7628570105628043 -0.8652253980358627
5.261000000000092 0.766959857169278 -0.862593582723346
5.262000000000092 0.7619871237242865 -0.8650464791390755
5.481000000000165 0.753595550242634 -0.819730036141041
5.482000000000165 0.7498826491914715 -0.8214839513013023
5.7010000000002385 0.7259581466179373 -0.7254094792864353
5.702000000000239 0.7250167842713778 -0.7259350658494851
5.921000000000312 0.8368181574407909 -0.582087195772377
5.922000000000312 0.837093477024303 -0.581954013505024
5.923000000000313 0.838477008575175 -0.5808208183666347
6.1410000000003855 0.9786650562596806 -0.42172374212259317
6.142000000000386 0.9810546444613907 -0.4189914754146315
6.143000000000386 0.9840650587040405 -0.4154677587288346
6.362000000000459 1.0269905754157749 -0.36697670149213496
6.36300000000046 1.0220438227632436 -0.37458733966672325
6.581000000000532 0.9585832910175959 -0.4395345150430831
6.582000000000533 0.9550552804096192 -0.44440288808993356
6.583000000000533 0.9519315761105334 -0.44874243085757426
6.802000000000606 0.8990777228367651 -0.5677969880939845
6.803000000000607 0.8951790869076366 -0.5720701403010285
7.02200000000068 0.6814769644261827 -0.8591033118735313
7.02300000000068 0.6830080299234589 -0.8582393091607543
7.242000000000753 0.5890488032353377 -0.9195962244157563
7.2430000000007535 0.592654147697682 -0.9182882515624085
7.463000000000827 0.5937337861985199 -0.9043871860416497
7.464000000000827 0.5987947425614856 -0.9026205595573007
7.6830000000009 0.6771810061959656 -0.8206625184333248
7.684000000000901 0.6794194519081838 -0.8195366066142287
7.903000000000974 0.9754054870014751 -0.5702237405465445
7.904000000000974 0.9759660481994639 -0.5701115368600601
7.905000000000975 0.9774739015354126 -0.5688998615993338
8.124000000000937 1.0075167659447426 -0.5471626768811226
8.125000000000936 1.0058235230680648 -0.5496274076888747
8.344000000000815 1.0387343466392753 -0.4771795939446085
8.345000000000814 1.0359545176868294 -0.48151344359753256
8.564000000000693 1.0292136154496636 -0.5024074325745485
8.565000000000692 1.0253222718150972 -0.5079071036959429
8.566000000000692 1.0223959297997092 -0.5120325620530121
8.784000000000571 1.0450788849933392 -0.4717606645149044
8.78500000000057 1.0417997131852006 -0.47677300602021544
8.78600000000057 1.0395613222355287 -0.48037471341869975
9.005000000000448 1.0149780802237538 -0.5166179772466695
9.006000000000448 1.011934082147096 -0.5208463136396899
9.225000000000326 0.9141536091667104 -0.4991455971002632
9.226000000000326 0.9077327052066514 -0.5061416502758254
9.227000000000325 0.901599189166153 -0.5126357565035148
